82 328 35 green
532 340 16 blue
345 281 15 red
236 82 50 red
124 91 18 blue
197 317 48 blue
446 286 35 red
483 169 23 blue
471 223 36 red
529 208 18 green
398 122 35 blue
169 199 42 green
477 289 25 red
282 78 19 blue
178 84 18 blue
57 297 15 green
400 320 30 blue
421 348 23 blue
352 149 10 red
86 304 44 green
95 177 11 blue
182 320 18 blue
310 120 30 red
292 325 27 green
278 70 49 red
548 196 37 red
238 109 24 green
252 201 35 red
235 208 41 green
441 164 41 green
432 250 17 red
344 317 41 blue
72 156 48 blue
50 150 27 green
222 295 30 red
267 117 41 green
346 328 21 red
356 218 12 green
101 303 12 red
112 315 30 green
368 67 25 blue
82 129 33 blue
521 189 16 blue
429 230 50 red
146 115 32 red
80 106 40 green
345 182 50 blue
373 339 37 green
257 257 47 red
322 189 39 blue
232 223 23 green
389 311 23 blue
506 209 29 red
310 231 42 green
189 225 47 green
264 194 41 red
171 258 15 red
154 305 28 red
185 275 26 red
132 206 14 green
412 127 49 green
138 267 30 green
342 141 31 green
297 159 24 blue
323 213 42 red
365 53 17 red
499 105 22 red
255 286 41 green
242 130 36 green
529 279 34 green
80 213 32 blue
261 325 40 blue
371 85 13 blue
153 342 27 blue
69 337 13 red
316 145 20 blue
476 284 35 green
214 160 20 blue
264 86 10 green
541 286 25 green
114 195 10 green
377 74 18 green
163 167 48 green
279 72 15 red
375 198 26 red
95 98 14 blue
474 235 31 blue
221 270 43 red
213 229 32 red
157 257 43 blue
64 220 44 green
97 335 49 green
381 273 20 red
331 253 29 blue
199 274 40 red
164 229 18 red
522 209 27 green
447 284 26 green
361 221 42 blue
211 69 37 blue
